#10x4
2
10
4
0.9358216282207938
-0.562320294523153
0.758192611650553
-0.8821744465452914
1.234998424837238
-1.366275342881711
-0.19963044231297328
0.6243485522386361
-1.1633492702708377
0.8324161132971659
-0.26739544589828984
1.1901044871331843
-0.6559070552009246
-1.2820129775879037
0.9055282258450765
-0.7639181673177878
1.1216580053192566
-1.105877165427634
-0.9103785191710222
-0.7988879500732874
0.26677326069501267
-0.9707217944930817
-1.0265729681872997
-1.5553504839839443
-0.43830443914146533
-0.16040276393055522
-0.07568809095677691
-0.7918196819016432
-0.9336742325392265
-0.9994803093437219
0.3403867309206983
2.031637906522257
0.40095893538053295
1.7235261645118638
0.1779511333165054
0.7902140579212609
-0.769545740232858
0.3170887497120597
0.7795927244428383
-0.6196134033031407
-0.17453334268661494
-0.7521090298342826
0.479493186715848
0.15507635117270566
-0.9570853516605865
0.7231920628674665
0.0025576091334435086
1.204003386344597
0.8054298725361004
0.3733893728104403
0.9248059451881806
-1.2358615927430274
0.8536611405643354
0.11697914087687553
