#10x4x4
3
10
4
4
-0.039339570217292626
-0.8768130419004379
0.6636017072601541
-1.2595180554261456
0.4306114142889902
0.2515266309652178
-0.0045405895629989645
-0.7654078549904207
0.06306579431846622
-1.1245661495376338
1.3449325361678057
1.6207688898650856
-0.285595035846208
-0.5318278439692554
-1.973854882992623
-0.11530912357852412
-0.9070248734969585
0.5999123438869207
1.754662251974468
-0.5955104575624537
0.21294330861026772
-1.90516741752608
-1.4778796974837458
1.0274017954189827
2.0132084685775675
0.5148846613714428
-1.1811124656436078
1.3025850384486595
0.27930817859797685
-0.7537120334897781
-1.1170041730660778
0.35353465675734913
1.1778131743692917
1.1193606293853489
-1.4486163717586005
0.8653183103581348
-1.2051444661965935
-0.1048153705644326
0.30727801528224996
0.7211868734236762
0.5735089906882616
-2.024787765281033
-0.5407062257844465
0.40558677074353505
-1.5407246632144145
-1.073995885662962
-0.13123604388931162
-0.5265487114129956
2.8039492879379146
0.5757824281430359
1.29185558942706
1.5804836667603217
-0.08337318016236442
-1.4877484652571797
-0.5901650694218972
0.6367255943207811
1.640945353487434
-0.4717752949435682
0.6705219366253339
-1.9316928127939583
0.7284915977154889
-1.3570321484098973
0.6516558332059117
-0.12429675037121125
0.42088469074927015
-1.7346789405277057
-0.0028238404279246204
0.8527066958981673
1.063668368646111
-0.5882143798773001
0.5045915126390491
-1.8733313801836884
-0.07610906413118049
1.052643011683394
