#NeuralNetworkSave.txt
3
12
4
4
-0.5651614136647223
-1.0233923133928837
1.012417261686075
-1.5710884890864243
-1.4294425870062721
0.2877450416011482
0.044590044273251
1.527173378046848
-0.470400875615574
-1.3815570509200363
1.1609697967895616
1.6438207059079835
1.5004570303927538
-1.6224820429946836
-0.9233633693297526
-0.03944008960782508
-1.2339803550715922
-0.3264553329715083
1.5143570004891238
-2.207063980585564
-0.04854892011413307
-2.260475275678455
-1.8271171371233752
-0.3558770261757624
1.8257334939071903
2.0776297135098987
-1.7594174930722142
-0.10258670051391065
0.12118784152088438
-0.6689460018900427
-2.1790045703509886
1.1560671404045062
1.5214013594730593
-0.17792719705135995
-2.5378613771703202
0.7775641021384816
-0.2424168538866993
2.105238485947399
0.2118957123026095
1.1775937792827995
0.9173190056644344
-1.5407494707779985
-0.8181281584746197
-0.6661423434028988
-2.1109772468742265
-0.8251110856177608
0.5409079437651578
-1.5801436104908473
2.353371882151627
0.08007138690224862
-1.3533091313807661
0.2831136890099121
-1.4937951035720418
-0.20433112961120153
-0.5973844575081285
-0.303873339269486
0.7928252650899135
-0.7227732984584997
-0.24193767516911532
1.6929378115640195
3.144287321581341
2.1738210357000916
0.9983845073365013
-0.9849212105617207
-0.9630795100680167
0.07204167535771258
1.294710179152924
-0.8336180830645029
0.7977382861901251
-2.100286736728757
0.29138964230419795
0.527386645578102
1.0638421484090697
2.7733684911393546
-0.10565496777925155
-2.4980878386800853
0.1866807630794675
-0.8102260651077122
0.6930717108256474
0.8429529855606073
-0.10255142076703838
-1.4589587910442903
-0.6914709083347931
0.5946957008831022
