#NeuralNetworkSave.txt
2
12
4
0.48936454190660095
-0.21208624079065955
3.5972605260388617
0.513683209617892
0.442508881413446
-1.5653249291778968
1.427746268484341
1.8573341574065587
-2.876713955421298
0.7696482689989748
-0.6302782666761164
0.6280952775989415
-0.9107928599514583
-3.2834634970569683
-1.4558447972021447
-1.8802811306524665
0.8287012103151928
-3.4366200694216147
0.13826264179272532
-1.2836988172423758
0.4934457976460371
-0.3691948967100099
-1.609395428110156
-0.541154112972143
-1.7132413240623998
-2.648275334579617
-0.2746649797824472
-2.4423437676616384
-1.9342247831739272
-1.577430200308424
0.7429041386493611
4.341250770553632
2.2255150329686817
5.219020142400046
-0.5624444636015236
2.0042264787033033
0.49112545850785305
-0.4093798492814028
1.6220463213693446
0.3168151881288862
3.9904131523387547
-0.4733871714245348
1.134967124580109
-0.8581018536247564
-0.9582657578048661
0.881429912317822
-2.3119076415419078
0.12698805202085342
0.878949642295886
0.3159604262549643
-2.9867339214561826
0.013809244718110736
-0.3255046848043151
-0.22212564088777936
2.15791855385424
-2.36255845687733
0.9435095742269253
0.8651917663166302
0.7614312610649429
-0.5182179511153786
0.3885534522286411
-3.4756693721227077
0.7998569659042776
0.5421782127971913
