#NeuralNetworkSave.txt
2
20
4
-9.794445718197222
3.549695372223902
-3.335950592661213
4.409740387885982
-0.4717287285040623
-13.292223046487505
4.7625185368156995
-12.795205601046948
-2.7793040716104924
10.521763133316329
-1.7887687939167953
7.025809154875382
1.4666975307521408
-3.6070955924122936
7.205942676820627
5.890591517013241
19.452388824318206
-6.605715462491888
-6.741383928505759
-4.936205580181955
2.9573856218758103
-8.123743991518193
0.8659081746680624
-4.724868648070128
-5.067754981564616
-6.39585687725729
-9.558140702406588
4.271770876012827
-0.10745969140543896
5.324718668689664
-13.15539623345499
7.7265242238654
-4.633744858342219
-0.7422132792280666
-7.697832921699134
-3.72023468259032
5.492910514952409
12.513678896526402
4.700943730010797
-11.06409832689365
1.3636890873275598
2.611912759700437
-6.970045139682681
6.858595427198459
-4.2261114947126455
3.4294109134294724
2.5403924151749857
6.8651392192346785
1.7921425802064188
4.163328684766869
-8.193229392050295
-8.217163877550568
1.6697164302034753
-20.39936854537614
-6.367404662939367
7.827762747451816
-5.021408142399288
-7.119737539704434
-2.74687196578453
10.994853039797764
7.200960305705076
-5.958341026973278
8.23230367259122
-4.408916370305807
-0.9708061614383354
-5.004326942321786
3.0466345683588836
15.058737867418195
2.6354304439134904
4.027070712621426
0.27418088479147207
-2.902226925910201
6.7929248982519415
3.0996598389178005
1.0232399262905454
7.174410956693683
-14.134599239161092
9.148304540692287
-6.546112836214161
6.911179622609725
-6.5851654555422385
2.2915531845160926
-1.8946739431323194
1.2203280970033847
8.718740802874274
0.002599124016745641
12.12556507603692
-1.5763811327397916
4.1278362934592785
-0.9607617357192672
-3.6626238732755203
0.7874581959876252
-5.252985633228057
7.225209509814765
3.290642607310225
7.057973100187544
-2.516945030508688
4.725830635019412
0.04449532358687108
0.8505792285935075
10.226886484111471
-7.6481180134795475
3.8801386211415156
-4.189755442407106
